# id	left	top	right	bottom	texture_id
[SPRITES]
### YELLOW GOOMBA
#WALK
31001	5	14	21	30	10
31002	25	14	41	30	10

#DIE
32001	44	19	62	30	10

### RED GOOMBA
#Paragoomba skipping
33001	393	79	412	102	50
33002	414	79	433	102	50
33003	435	79	454	102	50
33004	456	79	475	102	50
#walking 
33005	435	84	454	102	50
33006	456	84	475	102	50
#walking	
33007	170	108	185	123	50
33008	187	108	202	123	50
#die 
33009	204	115	219	123	50

# ani_id	sprite1_id	time1	sprite2_id	time2	...
[ANIMATIONS]
5000	31001	100	31002	100
5001	32001	100
5002	33001	100	33002	100	33003	100	33004	100
5003	33005	100	33006	100
5004	33009	100