# id	left	top	right	bottom	texture_id
[SPRITES]
#####  BIG ###############
#IDLE
11121	197	48	211	75	110
11111	629	48	643	75	100
11131	415	48	431	75	110

#WALKING RIGHT
11221	197	48	211	75	110
11222	214	48	230	75	110
11223	232	48	248	75	110

#WALKING LEFT
11211	629	48	643	75	100
11212	610	48	626	75	100
11213	590	48	606	75	100

#RUNNING RIGHT
11321	290	48	308	75	110
11322	312	48	330	75	110
11323	335	48	353	75	110

#RUNNING LEFT
11311	531	48	549	75	100
11312	509	48	527	75	100
11313	486	48	504	75	100

#JUMP WALK RIGHT
11417	271	49	287	75	110
11413	553	49	569	75	100

#JUMP RUN RIGHT & LEFT
11423	335	49	353	75	110
11427	485	49	503	75	100

#SIT RIGHT & LEFT 
11521	379	57	392	74	110
11511	447	57	460	74	100

#BRACE RIGHT & LEFT 
11621	252	47	268	75	110
11611	572	47	588	75	100

#DIE
13001	416	8	431	23	110

############ SMALL ################
 #IDLE
12121	254	8	266	24	110
12111	574	8	586	24	100
12131	397	8	412	24	110

#WALK RIGHT
12221	254	8	266	24	110
12222	269	8	284	24	110

#WALK LEFT
12211	574	8	586	24	100
12212	556	8	571	24	100

#RUN RIGHT
12321	323	8	339	24	110
12322	341	8	357	24	110

#RUN LEFT
12311	501	8	517	24	100
12312	483	8	499	24	100

#BRACE RIGHT & LEFT
12511	539	8	553	24	100
12521	287	8	301	24	110

#JUMP WALK RIGHT & LEFT 
12413	304	8	319	24	110
12417	520	8	535	24	100

#JUMP RUN RIGHT & LEFT 
12423	360	8	375	24	110
12427	464	8	479	24	100

# ani_id	sprite1_id	time1	sprite2_id	time2	...
[ANIMATIONS]
400	11121	100
401	11111	100

#WALKING RIGHT & LEFT 
500	11121	100	11222	100	11223	100
501	11111	100	11212	100	11213	100

#RUNNING RIGHT & LEFT
600	11321	50	11322	50	11323	50
601	11311	50	11312	50	11313	50

#JUMP WALK
700	11417	100
701	11413	100

#JUMP RUN
800	11423	100
801	11427	100

#SIT RIGHT & LEFT 
900	11521	100
901	11511	100

#BRACE RIGHT & LEFT 
1000	11621	100
1001	11611	100

#SPIN
1002	11121	50	11131	50	11111	50

#DIE
999	13001	100

################### SMALL #################
1100	12121	100
1102	12111	100


#WALK LEFT & RIGHT 
1200	12121	100	12222	100
1201	12111	100	12212	100

#RUN LEFT & RIGHT
1300	12321	100	12322	100
1301	12311	100	12312	100

#BRACE LEFT & RIGHT
1401	12511	100
1400	12521	100

#JUMP WALK
1500	12413	100
1501	12417	100

#JUMP RUN 
1600	12423	100
1601	12427	100

#SPIN
1700	12121	50	12131	50	12111	50