[SPRITES]
#####PIRANHA PLANT STEM
70000	7	137	22	160	40
70001	7	107	22	130	40
####RED PIRANHA PLANT
#Right
71000	625	71	640	102	40
71001	625	33	640	64	40
#Left
71010	7	71	22	102	40
71011	7	33	22	64	40
####GREEN PIRANHA PLANT
#Right
71100	626	195	641	218	40
71101	626	166	641	189	40
#Left
71110	6	195	21	218	40
71111	6	166	21	189	40
[ANIMATIONS]
#PIRANHA PLANT
7000	70000	100	70001	100
##FIRETRAP
#RIGHT
7100	71000	100
7101	71001	100
#LEFT
7110	71010	100
7111	71011	100
# PIRANHA PLANT
#RIGHT
7200	71100	100
7201	71101	100
#LEFT
7210	71110	100
7211	71111	100