# id	left	top	right	bottom	texture_id
[SPRITES]
######################### GREEN KOOPAS
#WALK RIGHT
41000	582	118	598	145	40
41001	601	119	617	145	40

#WALK LEFT
41010	50	118	66	145	40
41011	31	119	47	145	40

#SPIN RIGHT
41200	600	149	616	165	40
41201	579	148	595	164	40
41202	558	148	574	164	40

#SPIN LEFT
41200	600	149	616	165	40
41201	579	148	595	164	40
41202	558	148	574	164	40

#FLY RIGHT
43000	506	129	521	156	40
43001	527	129	543	156	40
43002	548	129	564	156	40

#FLY LEFT
43010	147	129	163	156	40
43011	126	129	142	156	40
43012	105	129	121	156	40

#LAND RIGHT & LEFT
43110	485	129	501	156	40
43111	147	129	162	156	40

#DIE
43200	327	125	342	141	40

# ani_id	sprite1_id	time1	sprite2_id	time2	...
[ANIMATIONS]
############################# GREEN KOOPAS
#WALK
4101	41010	100	41011	100
4100	41000	100	41001	100

#SPIN
4121	41200	50	41201	50	41202	50
4120	41210	50	41211	50	41212	50

#JUMP
4301	43000	100	43001	100	43002	100
4300	43010	100	43011	100	43012	100

#SHELL
4170	41200	100

#DIE
4320	43200	100